
*
0.135
***Wires***
13
0.0,	0.0,	0.0,	0.0,	0.0,	90.0,	0.1,	-1
1.0,	0.0,	0.0,	1.0,	0.0,	90.0,	0.1,	-1
-1.0,	0.0,	0.0,	-1.0,	0.0,	90.0,	0.1,	-1
0.0,	-405.0,	90.0,	0.0,	0.0,	90.0,	0.1,	-1
0.0,	405.0,	90.0,	0.0,	0.0,	90.0,	0.1,	-1
1.0,	-405.0,	90.0,	1.0,	0.0,	90.0,	0.1,	-1
1.0,	405.0,	90.0,	1.0,	0.0,	90.0,	0.1,	-1
-1.0,	-405.0,	90.0,	-1.0,	0.0,	90.0,	0.1,	-1
-1.0,	405.0,	90.0,	-1.0,	0.0,	90.0,	0.1,	-1
0.0,	-405.0,	90.0,	1.0,	-405.0,	90.0,	0.1,	-1
0.0,	-405.0,	90.0,	-1.0,	-405.0,	90.0,	0.1,	-1
0.0,	405.0,	90.0,	-1.0,	405.0,	90.0,	0.1,	-1
0.0,	405.0,	90.0,	1.0,	405.0,	90.0,	0.1,	-1
*** Source ***
1,	1
w1b,	0.0,	1.0
*** Load ***
0,	1
*** Segmentation ***
800,	600,	1.3,	1
*** G/H/M/R/AzEl/X ***
1,	0.0,	0,	50.0,	120,	60,	0.0
