Wave dipole with L/4 stub
*
145.8
***Wires***
8
0.0,	0.03,	-0.01,	0.0,	1.08,	-0.01,	0.014,	-1
0.0,	-0.03,	-0.01,	0.0,	-1.08,	-0.01,	0.014,	-1
0.0,	-0.03,	-0.01,	0.0,	-0.03,	-0.415,	0.014,	-1
0.0,	0.03,	-0.01,	0.0,	0.03,	-0.415,	0.014,	-1
0.0,	-0.03,	-0.415,	0.0,	0.03,	-0.415,	0.003,	-1
0.0,	-0.03,	-0.415,	0.0,	-0.03,	-0.53,	0.014,	-1
0.0,	-0.03,	-0.53,	0.0,	0.03,	-0.53,	0.014,	-1
0.0,	0.03,	-0.53,	0.0,	0.03,	-0.415,	0.014,	-1
*** Source ***
1,	1
w5c,	0.0,	1.0
*** Load ***
0,	0
*** Segmentation ***
400,	40,	2.0,	1
*** G/H/M/R/AzEl/X ***
2,	15.0,	6,	50.0,	120,	60,	0.0
